16
868647
176346
176062
176346
176915
176346
176346
177199
176346
176631
176346
176631
176346
176347
177199
176346
176915
176346
176915
176347
178337
176346
176916
176631
178337
177768
177199
177200
177484
176915
178052
178337
177769
176916
176631
176915
178906
177200
177484
177484
178053
177484
180043
177484
176915
177768
178052
178053
178907
177484
176346
176915
177200
177484
178622
178338
176915
177768
176630
178338
179190
178053
177768
177484
177200
176346
177769
176916
179475
176631
176915
176061
177484
178337
178337
178053
176915
177484
178337
180328
176631
178053
177200
176631
178906
178053
177484
177200
176915
176915
177769
177768
177484
176915
177484
178053
177769
177484
177200
176915
