18
1934008078
1402514945
1426435339
1416548838
1405577490
1449882711
1414077356
1402648062
1406184766
1415700928
1423387015
1441027299
1434126830
1441093573
1408780264
1444162945
1425729079
1445553279
1426588651
1423394980
1404546118
1405941571
1411527083
1449963208
1436466618
1410467551
1404738114
1407488630
1404495488
1403251925
1403796054
1410705341
1402398895
1406869125
1406740558
1405809023
1409008383
1398379499
1411372917
1405853964
1405666519
1401935260
1412083160
1398925905
1401171828
1410697661
1409137234
1408015695
1403732624
1403574192
1408893186
1407529305
1404261965
1408197450
1407121705
1401463377
1440394425
1436690756
1513561299
1505249732
1554891298
1610601067
1529253182
1572574248
1504684838
1482291309
1481698255
1526746144
1565924084
1507870545
1468360098
1526203436
1416917470
1408811268
1406540598
1413921199
1430905853
1473188150
1453843513
1445297569
1407753157
1416687644
1403941971
1400631395
1406706995
1401050088
1412718595
1404644818
1406819632
1405138602
1402017463
1447801478
1428697759
1433552550
1413668618
1409711799
1404695732
1400470119
1406266684
1405258351
